500	209264100
501	147021700
502	310934500
503	210261100
504	183702500
505	265031800
506	203488700
507	264626400
508	185442900
509	145751100
510	195354200
511	121454500
512	193484400
513	191950900
514	270715400
515	134700800
516	190105700
517	268754000
518	288885500
519	187240500
520	226812500
521	285382600
522	167830500
523	189732000
524	275667200
525	264122900
526	274583500
527	173981500
528	313331700
529	286519800
530	277434200
531	323809900
532	139417300
533	256543900
534	347248400
535	191879800
536	362501800
537	365837000
538	206973800
539	222622000
540	250233700
541	232604300
542	385484300
543	306607900
544	251066100
545	239864200
546	234306300
547	181926800
548	226958900
549	214207100
550	326061000
551	246333300
552	420100300
553	316421200
554	217425000
555	166433900
556	164537800
557	233412100
558	261532900
559	212965100
560	203535200
561	213356500
562	336477400
563	163302800
564	178034900
565	202569500
566	408011300
567	177024000
568	389758600
569	206818400
570	375803800
571	233872300
572	194026500
573	252845300
574	206311100
575	310186500
576	207375800
577	257634600
578	264275900
579	239354700
580	306848100
581	272906500
582	189964100
583	430321100
584	319599200
585	359976600
586	305006400
587	241496800
588	303540400
589	344893600
590	222618600
591	276259400
592	332446100
593	314821000
594	174333100
595	267573400
596	333322300
597	279768600
598	252352300
599	419970100
600	306374500
601	355500900
602	208498100
603	229023100
604	220967300
605	236333400
606	196354900
607	374645100
608	203401100
609	361678000
610	247788000
611	183387900
612	357338200
613	421972700
614	399748800
615	249085200
616	545709100
617	217765600
618	198672900
619	227190200
620	199946600
621	456900400
622	305168400
623	448141900
624	391100400
625	266999200
626	378764400
627	259412400
628	366900900
629	242303900
630	378481300
631	353659800
632	426282700
633	429209500
634	402121600
635	182763300
636	191360200
637	214641300
638	301609900
639	224780200
640	397355600
641	354319500
642	254690000
643	423523800
644	336347200
645	511519700
646	547239500
647	625497000
648	490839800
649	320084100
650	384931500
651	305807900
652	429757800
653	311497200
654	299038400
655	311382300
656	538454400
657	378772500
658	243600700
659	314885100
660	390109100
661	393768700
662	609109800
663	594074000
664	275597400
665	326916500
666	404516700
667	577329000
668	328766200
669	379058000
670	285014800
671	421787300
672	327200800
673	628077000
674	432089300
675	498381200
676	270885100
677	312963400
678	679320900
679	441433700
680	535598900
681	383091000
682	639228600
683	703230700
684	623703900
685	601744300
686	726024700
687	325627300
688	461242500
689	564563600
690	341716100
691	296570100
692	245237800
693	679492400
694	389425900
695	576620600
696	318806300
697	437935000
698	494490800
699	445750800
700	544777200
701	431496500
702	362479000
703	574535000
704	239134600
705	526779900
706	410521900
707	376283700
708	723439200
709	373719900
710	492968900
711	575704900
712	401187500
713	432799500
714	362374500
715	601554700
716	337732800
717	408481300
718	363670000
719	776869400
720	350685800
721	262686500
722	431270000
723	396068000
724	773117100
725	552817900
726	459900000
727	526840900
728	828546500
729	387933800
730	697627600
731	341580300
732	445486100
733	565339600
734	477177900
735	529885200
736	369895800
737	772635500
738	372813200
739	335184800
740	845110900
741	299389100
742	619962500
743	881592500
744	494663200
745	453821600
746	302449900
747	621327600
748	641801500
749	356855900
750	556294100
751	417176100
752	723085000
753	608949800
754	502496300
755	792858000
756	606577200
757	936079600
758	569817000
759	681288400
760	658597800
761	636419700
762	594004100
763	788671300
764	547153400
765	719762800
766	787964500
767	821868900
768	554474700
769	572726800
770	535156400
771	524353500
772	649763500
773	524317400
774	1004377300
775	545775500
776	958871500
777	380053800
778	834780100
779	720563300
780	430443300
781	932756600
782	606048500
783	588087600
784	793671700
785	346044000
786	883623000
787	820316400
788	693026200
789	904648900
790	582058600
791	898090100
792	683985200
793	994615700
794	635132600
795	539041000
796	631755300
797	455844400
798	632782500
799	691142600
800	564084000
801	441733800
802	710542900
803	831909900
804	704668800
805	854603800
806	754365400
807	585116400
808	976636900
809	429257800
810	658614400
811	613570400
812	1052927200
813	837936500
814	1135719400
815	603869700
816	556593500
817	619362500
818	1042944800
819	584975800
820	948687900
821	583598400
822	726519100
823	821665400
824	1413221500
825	1024609800
826	1034445600
827	1217978600
828	624755800
829	1031297800
830	1200470200
831	1177528300
832	808725700
833	722928900
834	720681900
835	883522400
836	584292000
837	899471700
838	744027700
839	657689700
840	520044500
841	854597700
842	1217238000
843	499814200
844	747318800
845	705786800
846	806032800
847	860859900
848	766520500
849	637229100
850	802714800
851	591782200
852	1261831500
853	950817400
854	1334971300
855	734451300
856	1083002600
857	764347100
858	1372078100
859	600622700
860	809239300
861	1251627100
862	798744900
863	1260276900
864	715491400
865	1233698300
866	805749300
867	1436283300
868	555913400
869	606133700
870	1317076500
871	1262447400
872	870390000
873	957319300
874	1120822200
875	632269600
876	923089100
877	867416600
878	1318314400
879	563994500
880	1012349600
881	853795400
882	1523646500
883	1064323300
884	1566010500
885	1309354800
886	952583200
887	1279575300
888	1437091100
889	1779451400
890	864297200
891	1435308400
892	596510200
893	1721235900
894	838351100
895	1180988400
896	1230582400
897	1176402400
898	1233865600
899	947312700
900	885345400
901	862576400
902	1001042100
903	775019000
904	1862245500
905	970422300
906	1760095500
907	2083210100
908	1260798100
909	1116641100
910	901737500
911	1181017800
912	971828500
913	702008500
914	1696420000
915	885083900
916	1421169500
917	931879200
918	921839900
919	982175800
920	874983800
921	1684936700
922	1941550000
923	918974900
924	748620400
925	1742873700
926	1147268800
927	724641000
928	1042175100
929	1412317100
930	827945800
931	1408330700
932	1210549900
933	1101552100
934	1154809300
935	1145697000
936	1420059500
937	1334252400
938	820855200
939	1067921100
940	1474931000
941	707404600
942	1942862700
943	1778726900
944	1735486700
945	834104100
946	959201000
947	1610796300
948	1004114000
949	983398300
950	1744677700
951	1600142500
952	2238209700
953	2039018200
954	1251809200
955	1048437900
956	1238347800
957	1869282500
958	927412600
959	907668000
960	2171478100
961	1702509500
962	1031277100
963	1302026300
964	839864200
965	1277596900
966	1640220500
967	1012409700
968	1985101300
969	1742174800
970	1433297800
971	2352643000
972	1981361700
973	1409724300
974	897160400
975	1647782800
976	1656816400
977	946818200
978	2213313700
979	926944100
980	1839255500
981	1562066300
982	971359400
983	816348600
984	1987724000
985	1159272600
986	1149960300
987	2411077200
988	1033926400
989	1276350400
990	1112816200
991	876406300
992	1877620000
993	872375300
994	1830634800
995	1815162000
996	1412894000
997	1300143000
998	955749500
999	851308100
1000	895886600
