71994300
51638700
44576700
44872801
45784801
45652299
45964200
46651099
46962199
46681299
51897500
47688500
47412800
46814600
49289100
48435000
48441700
48273300
48794400
48118700
48549999
50067801
50389201
51125500
50971200
51257100
52309500
53175700
52061200
54434399
52094199
52935000
52653300
53469501
56710900
56212001
55982601
54818900
56093199
54440800
54521000
53920500
57227499
62675000
57333399
58371200
58112599
62305700
57810301
59004001
58783300
61570300
59921699
59420600
61484400
60357800
60194800
60691900
60367600
60641000
61287699
60198600
60849300
60812399
61553500
61544801
61897900
61911900
62922601
64504900
64815001
65104401
65611099
66659900
65090300
65003200
65868801
68352201
68232900
68814899
69432000
68996300
69131500
68448100
68946599
70655000
71434900
70820100
70284299
70358800
72879500
75571600
73186001
73637500
73772299
75218099
74230401
81721000
77979500
75706201
76502200
76275000
75250600
75619900
76064699
75964001
76593300
77310800
77459000
77662300
84596100
79148400
79780601
83117700
83481601
82584199
82146900
80777400
81038101
83997100
84604899
83644300
83772801
85233300
136249201
88905901
89720900
93915199
91143000
97135800
90755699
94809700
91335499
93506800
95325700
92709201
93054600
90385900
118340199
94013401
92675100
92529499
129722901
133303401
97451100
97518100
136135000
100042999
95439000
95413000
97270801
98945799
166318700
103296000
95785500
105041200
100296401
99020701
128761400
131833900
109812601
104798600
185828201
108108400
100531600
102461200
104438899
103889900
107550099
120792801
112395801
148335200
208336800
104747700
109700201
110613900
107454601
108002001
108105100
112952700
109083600
116379599
143172300
109758200
111119000
109740401
110525300
111717101
125676000
129901200
111952699
111331599
114415301
114850399
117043700
119066701
118758199
123733899
160778201
147004200
119676600
127475000
121260101
120675999
125666999
123406701
128347699
124148200
124283700
123691800
124471400
125329101
122716599
123657801
187203400
147704600
170879899
130491700
128595700
135265900
132256400
132311001
168481000
137089900
133122800
134720200
128231101
133915100
140474100
149497201
133870000
139491600
134979400
135665000
135390900
134126100
166428700
157748099
137410500
153910700
141056301
144277299
141756100
143204999
141979100
147294601
145320400
144139400
141338800
151413899
145545200
144945200
142476600
150579901
152324201
151831400
150923700
147427600
251095900
184723100
161870100
150211501
162098400
156275399
156472400
155043600
156331200
153876899
162678300
162486200
224712300
188409400
155689599
182240100
246592800
197939601
180784500
175473900
165861499
169713899
171062499
169458200
166421900
197567100
281325700
266325401
198417501
176126100
180007700
207259800
236118100
182436500
173360499
174173900
173750301
239622400
200874300
183390999
191255100
193135899
196261501
189155199
201720399
193913800
192749400
199635100
191932400
192840599
210525600
186134400
196192000
187719501
191731299
186940800
192828500
193063400
191843500
229033000
204594799
197515301
215593901
205434100
219246700
206831300
226272500
213256701
215539400
206769500
219796100
218525800
208732901
237541700
242855701
284253200
228096599
246421099
211881500
236155500
219602001
220716000
212619601
223966100
228670699
219120900
239482999
226510600
235939899
236320200
248723900
218958201
250349799
227837101
252633800
221990299
254896501
223907901
234803200
230479899
246985600
225851400
222927000
222235700
246276100
288549700
321264300
371211499
351256900
250811501
237306500
280827099
240934600
242365201
248904200
226789500
259584300
280718601
261773000
255688100
264204399
309289000
245476900
250673000
250516500
253036600
332865700
272099500
248300300
263603900
306330600
265119700
286809601
265369600
254946500
262171600
258192400
278469101
311959800
563169300
353133300
295469500
266602600
287381000
274414200
281255000
381598300
273144999
285634000
318017701
328481501
303929500
286024400
263786100
269591700
274575700
276681200
269875200
260268399
260759501
261223999
285823300
274114400
269723600
269256400
267419501
284931600
285872000
285095200
273118199
280969700
400792799
302237199
409489000
331263700
302846901
292593200
310389300
292250900
428899000
353415000
412128900
333487499
388069301
377131299
306730300
318898100
345492400
441321500
477198999
553771000
433516300
381221001
395082999
471008099
540671000
310997400
321038099
317301700
332217101
309626699
306414900
339013299
327871499
308816500
358872101
374124600
345243799
413724700
423704400
373221801
409819401
386650700
336505400
338241801
355760600
346979901
345012600
349225099
341041799
357289600
364594399
365191600
350161400
360155400
394284301
337554300
376948999
395195200
348984901
355177600
367270500
409461800
405311200
420562999
469454599
462213300
437473700
436847501
543610601
550842900
354564200
